ms
       a1 =   4.596e+06  (4.562e+06, 4.629e+06)
       b1 =       13.91  (13.9, 13.92)
       c1 =        1.51  (1.497, 1.522)

hr
       a1 =       1.277  (1.267, 1.286)
       b1 =       13.91  (13.9, 13.92)
       c1 =        1.51  (1.497, 1.522)

days
       a1 =      0.0532  (0.05281, 0.05358)
       b1 =       13.91  (13.9, 13.92)
       c1 =       1.509  (1.497, 1.522)